"baseMean" "log2FoldChange" "lfcSE" "stat" "pvalue" "padj"
"Cs1g09256" 11.2433220032314 0.373347385089069 0.123622769593964 3.00037924528367 0.00269643645965756 0.352189110376303
"Cs1g09330" 52.6785646497511 0.411369591522545 0.100575822311129 4.11507856193233 3.87047565096405e-05 0.229635320371697
"Cs1g10400" 15.3943985163115 0.368867258207714 0.118741162335349 3.07182619324324 0.00212753566105388 0.352189110376303
"Cs1g10430" 3.95636892842329 0.525565218877767 0.136619205180601 3.84513615978595 0.000120485517123022 0.232992556008323
"Cs1g11060" 1.95573142357212 0.413681371886074 0.126849243995582 3.21608975967996 0.00129950180357188 0.352189110376303
"Cs1g11880" 43.1936818403529 0.337703373135943 0.137351068292405 2.65573942672306 0.00791347354101774 0.415235083846554
"Cs1g12900" 4.46159446389342 0.402550741820329 0.137737665421366 2.84029521414914 0.00450718015240035 0.379356588108178
"Cs1g17690" 32.7994525473532 0.331421976083258 0.1267975768737 2.67941150675246 0.00737516947566736 0.415235083846554
"Cs1g19930" 623.205942524526 0.376763380372612 0.137616440614174 2.88481583572452 0.00391642693469731 0.356718657314849
"Cs1g20260" 49.4302758938689 0.360310214421124 0.123675279562247 3.00998809805607 0.0026125792716215 0.352189110376303
"Cs1g21260" 3.99373793893182 0.372711846585439 0.12855062656214 3.13907291853228 0.00169483267820514 0.352189110376303
"Cs1g21750" 702.667820083445 0.35096838343267 0.131888006512955 2.72713809092766 0.00638862966035783 0.408664443367679
"Cs1g25540" 334.487077409448 0.365073295962807 0.134017420538026 2.76139277594167 0.00575554120523396 0.397781656843674
"Cs2g01310" 205.412455566666 0.340297115356114 0.104526901088411 3.29251376460737 0.000992960371478062 0.351715455759961
"Cs2g03220" 128.415267283768 0.380968205952788 0.137310835258549 2.85003230531305 0.00437147887650912 0.373267923324772
"Cs2g03920" 89.6522198004531 0.351782506861373 0.124054642867323 2.86349942728721 0.00418989571505005 0.362900018648058
"Cs2g04460" 21.5828926234408 0.340940175035516 0.134708523823361 2.71245211582904 0.00667874300086775 0.408664443367679
"Cs2g04680" 85.1604711790453 0.393470454243898 0.135270919002817 3.07599356914944 0.00209802370060957 0.352189110376303
"Cs2g05730" 93.3797155061715 0.395860761991279 0.135729964418756 2.93783037403577 0.00330517807481497 0.352189110376303
"Cs2g08390" 4.56349243166982 0.341540533127545 0.133075986517445 2.77776576831134 0.00547340585213374 0.397781656843674
"Cs2g09560" 92.6413390037236 0.356743195931841 0.121456256400013 2.9479416430672 0.00319897446731235 0.352189110376303
"Cs2g09920" 144.421912784959 0.325387795125341 0.103645937764439 3.17322602863074 0.00150755109129787 0.352189110376303
"Cs2g11810" 45.9646643901685 0.309617479328669 0.121380597661658 2.58448246013122 0.00975252648507169 0.415235083846554
"Cs2g14090" 49.3948768471271 0.356930241652914 0.117747536747945 3.01382998261685 0.00257972328813662 0.352189110376303
"Cs2g15520" 4813.50858071907 0.34894253167806 0.132205974847301 2.6667972071929 0.00765778637696175 0.415235083846554
"Cs2g17670" 55.616278236164 0.390283429628555 0.13061420299777 2.99841359401081 0.00271389099289976 0.352189110376303
"Cs2g18020" 34.9218008654745 0.414717230838161 0.118994874553216 3.49899294501712 0.000467018937967607 0.316426172012818
"Cs2g18330" 162.298801243409 0.406742006617902 0.131513776335003 3.17104579712175 0.00151891194618146 0.352189110376303
"Cs2g18810" 20.2623787058876 0.340810157117313 0.1378187028902 2.6407054833916 0.00827336050770421 0.415235083846554
"Cs2g21820" 118.128958120068 0.33977743299114 0.137813102134426 2.58079855568485 0.00985720818497573 0.415235083846554
"Cs2g22530" 5.23290886559396 0.358167993462192 0.137165954233864 2.61899351305317 0.00881896245225377 0.415235083846554
"Cs3g03480" 22.3234071045818 0.338710408660038 0.133432715729641 2.61352099136894 0.00896145785356762 0.415235083846554
"Cs3g03740" 16.5712941778244 0.354055729646254 0.134963617552896 2.65131426782707 0.0080179198006634 0.415235083846554
"Cs3g10190" 258.547689775482 0.449835003373735 0.133397582018784 3.96432994517884 7.36023932330023e-05 0.232992556008323
"Cs3g10680" 24.4643596558315 0.348825706747088 0.130445280201494 3.31634919622164 0.000912017937558436 0.342225347586187
"Cs3g11120" 130.264821494645 0.304884318333079 0.103492310033206 2.96831139377701 0.00299440805896301 0.352189110376303
"Cs3g11160" 73.5286261905753 0.328124676798215 0.124324138052355 2.69680445217543 0.00700083682809822 0.411514792333093
"Cs3g11790" 116.211087163631 0.372969482227203 0.0981452741526404 3.80729631483538 0.000140494369591749 0.232992556008323
"Cs3g13030" 26.8714388809283 0.341873411261726 0.113503733427943 3.00375737283485 0.00266667892853083 0.352189110376303
"Cs3g17830" 162.906038957433 0.338640834073833 0.137552436229981 2.60329102676671 0.00923335378802822 0.415235083846554
"Cs3g24260" 38.8808265912791 0.3493031409527 0.135129605198322 2.80462281617535 0.00503754916527102 0.382687448068811
"Cs3g25190" 36.2572712506547 0.364210907797379 0.124402780681953 2.95684988000598 0.0031079939468736 0.352189110376303
"Cs3g25860" 279.257992643796 0.367140421096786 0.119762415316803 3.04023276695881 0.00236395372354707 0.352189110376303
"Cs3g27780" 4.27719529224462 0.438236451265552 0.136600271884215 3.27339351747158 0.00106264420792842 0.352189110376303
"Cs4g02260" 299.768040089493 0.377840127178501 0.136928398703407 2.80747744681691 0.0049931176041793 0.382687448068811
"Cs4g06070" 5.92608262353581 0.40010037630059 0.136811020215515 2.89043237265101 0.00384712295324184 0.356718657314849
"Cs4g07840" 510.700584184109 0.388540572183854 0.137730329442833 2.9128673856246 0.00358126654927941 0.352189110376303
"Cs4g10910" 592.080738437835 0.312356549934949 0.115448873973485 2.75689491611362 0.00583531011359313 0.397781656843674
"Cs4g11090" 7601.75211774945 0.339089900140107 0.131588239146211 2.60109252930165 0.00929273858322103 0.415235083846554
"Cs4g16080" 5221.21965969952 0.305959975839751 0.10412414168593 2.95248646058713 0.00315225893729785 0.352189110376303
"Cs4g18570" 2.51043792119618 0.346675284656824 0.129061879207809 2.72554590109473 0.00641952497640968 0.408664443367679
"Cs4g19300" 422.212870719375 0.342967052422991 0.112290281697799 3.07617227878442 0.00209676657491681 0.352189110376303
"Cs4g19310" 347.492969625878 0.369059567685215 0.103074617558356 3.59850267020685 0.000320054565269579 0.288511292560652
"Cs5g03580" 137.320325933307 0.322862105496986 0.117500394379035 2.76361010155762 0.00571658025075398 0.397781656843674
"Cs5g06030" 52.7396749753541 0.354425632949931 0.137013961894001 2.57888105167683 0.00991209111825392 0.415607325827565
"Cs5g10950" 30.2510264382279 0.3509003916647 0.126680306429679 2.80490274800394 0.00503317634731682 0.382687448068811
"Cs5g11010" 127.269124756272 0.348071154901695 0.137028635680265 2.74918930909703 0.00597428705279222 0.400287837173269
"Cs5g11390" 254.153259083973 0.311596143999115 0.125596090642895 2.90551605644765 0.00366648036988419 0.352189110376303
"Cs5g12450" 35.0034830730345 0.33764230816232 0.13038874884983 2.62204949315205 0.00874027371034998 0.415235083846554
"Cs5g15940" 659.87940348997 0.38298722209699 0.137837092006823 2.92962206911764 0.00339374486387099 0.352189110376303
"Cs5g21190" 6.45370342836903 0.341721488891273 0.123689754388249 3.19694238634238 0.00138892665172977 0.352189110376303
"Cs5g21940" 13.4072131116221 0.342568814402123 0.123185214924343 3.45761057770014 0.000544988534976779 0.316426172012818
"Cs5g22750" 87.1838332940612 0.373814455751227 0.129839173066974 2.96548814142841 0.00302202995899927 0.352189110376303
"Cs5g25910" 13.7496875255236 0.408866558841981 0.137644161917713 3.15729641705493 0.00159239385597027 0.352189110376303
"Cs5g25950" 38.1125017424585 0.382259965166604 0.137671433498287 2.9078879833474 0.0036387865295201 0.352189110376303
"Cs5g27140" 589.791068946465 0.372606176653401 0.120973113692017 3.13797184253123 0.00170121218564975 0.352189110376303
"Cs5g30030" 2.75123007078084 0.352372535201279 0.122404426445674 2.95618298355063 0.00311472242428892 0.352189110376303
"Cs5g30520" 61.1269879250729 0.330776778800322 0.121705442773091 2.76883314886702 0.00562574372644015 0.397781656843674
"Cs5g30540" 12.608224615326 0.378375899488899 0.137601435235132 2.82945922386776 0.00466267412285079 0.380508906194513
"Cs5g33180" 373.565698465822 0.309987081929945 0.118974403199918 2.61880895421489 0.00882373488001098 0.415235083846554
"Cs5g33190" 1.90789069423622 0.43826213091481 0.119543872165614 4.17008617868239 3.04484476688782e-05 0.229635320371697
"Cs5g34210" 4.30659938120282 0.399679192669891 0.134780873746562 3.05621511712673 0.00224150374949763 0.352189110376303
"Cs5g34300" 21.8583643678232 0.385175377049569 0.137832170382571 2.98255083328333 0.00285857173500175 0.352189110376303
"Cs6g03790" 61.7789680474101 0.365101122704416 0.122275435272454 2.96856054374323 0.00299198154023882 0.352189110376303
"Cs6g04680" 15.704195836499 0.383900325736327 0.13652576638551 2.86927947050276 0.00411408111442123 0.361612492620165
"Cs6g05750" 5.64112688806203 0.366059213585009 0.137357432292982 2.67018252315206 0.00758100247472916 0.415235083846554
"Cs6g05820" 3.03700222184421 0.385339874675718 0.135502802906445 2.76888007446068 0.00562493355677193 0.397781656843674
"Cs6g07340" 121.64740706875 0.388701431875771 0.134287864798676 3.06517413570728 0.00217543295570229 0.352189110376303
"Cs6g07820" 1106.6043020814 0.329935204478202 0.106340790809292 3.13270189097969 0.00173205262145776 0.352189110376303
"Cs6g13230" 67.8413730681596 0.308739144656621 0.136624392189891 2.59410078882252 0.00948386803421105 0.415235083846554
"Cs6g13840" 97.5457059578415 0.361061847088567 0.116079370596281 3.18240992745905 0.001460549372374 0.352189110376303
"Cs6g14360" 18.4538630158321 0.400320563493364 0.13448967571652 3.08087919702509 0.00206390366101172 0.352189110376303
"Cs6g14570" 110.646324949205 0.37946382349412 0.131090013030378 2.87104638561567 0.00409115486761441 0.36093415359935
"Cs6g19130" 1295.50765492682 0.325171213396141 0.0966698147767768 3.32112746251921 0.000896545825444148 0.342225347586187
"Cs6g20290" 7.34478179058771 0.334442897864213 0.132727352060508 2.70510111244246 0.00682836014246497 0.408664443367679
"Cs7g04490" 3368.27608638892 0.323087035163205 0.111617609332375 2.92473730172705 0.00344747116511871 0.352189110376303
"Cs7g04660" 12.8177140975974 0.3394417137111 0.137457345203767 2.63879468991833 0.00832013524057107 0.415235083846554
"Cs7g06670" 148.346890298252 0.310112677692565 0.103979146793097 3.00515638379826 0.00265444333084302 0.352189110376303
"Cs7g08720" 4.43389979719357 0.305746943461452 0.12426232173301 3.00025563008957 0.00269753110427037 0.352189110376303
"Cs7g08890" 1.92067224254997 0.35519519344636 0.117908846277089 3.19816333363014 0.00138305920613786 0.352189110376303
"Cs7g09060" 4044.28480898496 0.395719552227411 0.12416992040981 3.21244204010901 0.00131611701554167 0.352189110376303
"Cs7g09430" 236.081985713518 0.363600951437427 0.133958940009957 2.82462080082929 0.00473366007355905 0.380508906194513
"Cs7g10000" 1007.14139549756 0.310644328752548 0.10201785347905 3.06379305840708 0.00218550031645042 0.352189110376303
"Cs7g10050" 173.825030441845 0.312774303649807 0.114856480150916 2.72318795708877 0.00646552619500638 0.408664443367679
"Cs7g13150" 66.7511373455044 0.324787875922196 0.126984433285051 2.58745918994406 0.00966866480365389 0.415235083846554
"Cs7g15230" 16.0244297748397 0.497761595046582 0.129336674105866 3.82675167628758 0.000129845385277114 0.232992556008323
"Cs7g17040" 7.87812976615128 0.383839096761449 0.137340185300389 2.75837000270004 0.00580904050182001 0.397781656843674
"Cs7g18040" 58.7352162054238 0.321124548306996 0.122413740145631 3.34383025438625 0.00082630278973086 0.338100306998151
"Cs7g20030" 508.610144617624 0.395479095820781 0.137594161154456 3.35529435522282 0.000792805767109791 0.330173344872713
"Cs7g22920" 109.580465370935 0.338500566055287 0.132375804020256 2.99593089759279 0.00273608429366344 0.352189110376303
"Cs7g25920" 19.955589282108 0.404331423309061 0.12411669885179 3.25444342442698 0.0011361478756792 0.352189110376303
"Cs7g28055" 5.82404029394606 0.372709203475881 0.13438364107028 3.01107146910064 0.00260327571230456 0.352189110376303
"Cs7g28510" 37.4272832608524 0.388810358754225 0.137778461241885 2.98984515818105 0.00279118899658994 0.352189110376303
"Cs7g28720" 7.91903945342112 0.340051491590908 0.135193810252689 2.67356662101218 0.00750493678154069 0.415235083846554
"Cs7g28850" 2.73634555048616 0.320104496538921 0.122209686675496 2.80326599721256 0.00505879275726904 0.382687448068811
"Cs7g32050" 147.506252260872 0.36223653780569 0.132998026635964 2.83272471384144 0.00461531137567573 0.380508906194513
"Cs7g32510" 4.71479659335176 0.354450254454305 0.13613416849048 2.63032557060381 0.00853031321463528 0.415235083846554
"Cs8g07230" 5170.40430521132 0.354764615005907 0.130694042428658 3.14453663782806 0.00166350079926236 0.352189110376303
"Cs8g18250" 109.195347511572 0.370875390661372 0.107931564369361 3.44392607637829 0.00057333243707025 0.316426172012818
"Cs8g18540" 23.1997671830476 0.344392086471994 0.121322262703182 2.86729558337004 0.00413996153088026 0.361835707196175
"Cs8g19570" 1142.54852747952 0.335482226804216 0.0924952384299981 3.61974022836271 0.000294898920403251 0.288511292560652
"Cs8g19800" 3897.32042023522 0.381639857356138 0.134330720279782 2.92051039517776 0.00349458538549497 0.352189110376303
"Cs8g19860" 606.723185132985 0.330630426199866 0.122882903168477 2.72448626691705 0.00644016086307062 0.408664443367679
"Cs9g02680" 8.1237875732194 0.38163008614849 0.137081311458704 2.95601155586494 0.00311645414343776 0.352189110376303
"Cs9g10530" 955.859027841437 0.335705850768844 0.131098410246547 2.58074199563574 0.00985882316716781 0.415235083846554
"Cs9g11000" 9.74755326725823 0.409114961279712 0.133279752863054 3.37965846631157 0.000725759552381545 0.330173344872713
"Cs9g14190" 399.782136777469 0.379550586087265 0.137740730353875 2.90218374224073 0.00370571117432727 0.352920274385916
"Cs9g15180" 196.966495580661 0.378813799861319 0.109077299196821 3.47123935885611 0.000518061987053237 0.316426172012818
"Cs9g18900" 481.534899745204 0.330695306057173 0.125203950715509 2.6786555857057 0.00739183821982969 0.415235083846554
"orange1.1t00100" 1.09376530759554 0.316384140241452 0.105243436921325 3.57592283192993 0.000348994595479586 0.288511292560652
"orange1.1t00156" 664.003586513951 0.337686469653306 0.122285980044886 2.76867147699608 0.00562853579506181 0.397781656843674
"orange1.1t00539" 616.89176601095 0.318000001977547 0.131748457647387 2.72144274755096 0.00649976429053956 0.408664443367679
"orange1.1t00566" 25339.2786192009 0.365727237837336 0.137698863126909 2.80487358762715 0.00503363170168083 0.382687448068811
"orange1.1t01009" 21.9411296729776 0.340984188489774 0.117451555131785 2.88875230503353 0.00386773605516878 0.356718657314849
"orange1.1t01359" 13.4373347929091 0.640691162538374 0.122639075807951 5.08864590426377 3.6062926474821e-07 0.00855845371100452
"orange1.1t01949" 95.8324784450109 0.33351455870329 0.126845284708953 2.67549007138368 0.00746200833999834 0.415235083846554
"orange1.1t02877" 35.5426403428843 0.401753508121588 0.122133541359701 3.23639181971376 0.00121051099905717 0.352189110376303
"orange1.1t03152" 188.146494910994 0.400497930904422 0.135178156284406 3.01534084862098 0.00256690612579665 0.352189110376303
"orange1.1t03732" 493.487255312299 0.400049916930656 0.108028588306257 3.72648392773392 0.000194169447327179 0.256001629109367
"orange1.1t03773" 93.914224744267 0.373350500464964 0.12782742597977 3.53183168381348 0.000412691945356478 0.306062663974998
"orange1.1t04061" 165.538418375579 0.340178562883302 0.119127601014151 2.91921395633704 0.00350915281299137 0.352189110376303
"orange1.1t04866" 772.076370546665 0.328217379506822 0.124176270877763 2.62723916871227 0.00860808073552989 0.415235083846554
"orange1.1t04962" 6.78424700117786 0.363002799270905 0.136189514999288 2.76984985910632 0.00560821378795003 0.397781656843674
"orange1.1t04994" 9.69883040835022 0.376239527424373 0.133325818583577 2.89890009714481 0.00374474191889909 0.352920274385916
"orange1.1t05013" 7.71442757309989 0.559469843575792 0.135533697395504 4.04003070804555 5.34442034236381e-05 0.232992556008323
"orange1.1t05042" 42.4944459217744 0.346935530647668 0.102850787005975 3.38340880548809 0.000715919791017418 0.330173344872713
"orange1.1t05171" 108.006663321318 0.370300732536531 0.137802832160747 3.13646745596662 0.00170996413460381 0.352189110376303
"orange1.1t05197" 64.5848552127946 0.416150829736015 0.137368617268615 3.17703051331166 0.00148791380375192 0.352189110376303
"orange1.1t05431" 17.4867847974486 0.310251447556815 0.118908974012779 2.59797175857747 0.00937762062741599 0.415235083846554
